initial_pose_x: 0.000000
initial_pose_y: 0.000000
initial_pose_a: 0.000000

